1.00000000
1.04491069
1.09174169
1.14047578
1.19107826
1.24349929
1.29767282
1.35351504
1.41092362
1.46977676
1.52993257
1.59122862
1.65348176
1.71648825
1.78002415
1.84384608
1.90769234
1.97128438
2.03432861
2.09651862
2.15753775
2.21706191
2.27476281
2.33031132
2.38338113
2.43365252
2.48081613
2.52457685
2.56465757
2.60080280
2.63278207
2.66039300
2.68346407
2.70185693
2.71546824
2.72423096
2.72811522
2.72712847
2.72131518
2.71075598
2.69556625
2.67589421
2.65191863
2.62384609
2.59190798
2.55635717
2.51746457
2.47551554
2.43080628
2.38364025
2.33432464
2.28316707
2.23047240
2.17653988
2.12166045
2.06611450
2.01016981
1.95407987
1.89808257
1.84239911
1.78723332
1.73277120
1.67918077
1.62661215
1.57519785
1.52505323
1.47627722
1.42895301
1.38314899
1.33891971
1.29630687
1.25534038
1.21603944
1.17841359
1.14246374
1.10818320
1.07555862
1.04457095
1.01519627
0.98740659
0.96117062
0.93645444
0.91322209
0.89143615
0.87105822
0.85204933
0.83437037
0.81798233
0.80284664
0.78892536
0.77618136
0.76457847
0.75408156
0.74465666
0.73627090
0.72889263
0.72249132
0.71703753
0.71250289
0.70885997
0.70608218
0.70414370
0.70301930
0.70268420
0.70311397
0.70428430
0.70617088
0.70874921
0.71199445
0.71588120
0.72038339
0.72547405
0.73112522
0.73730775
0.74399122
0.75114379
0.75873212
0.76672131
0.77507488
0.78375472
0.79272117
0.80193304
0.81134777
0.82092151
0.83060936
0.84036558
0.85014385
0.85989759
0.86958028
0.87914586
0.88854913
0.89774613
0.90669460
0.91535443
0.92368808
0.93166098
0.93924200
0.94640373
0.95312293
0.95938073
0.96516293
0.97046018
0.97526809
0.97958731
0.98342352
0.98678738
0.98969440
0.99216472
0.99422292
0.99589770
0.99722154
0.99823034
0.99896287
0.99946061
0.99976656
0.99992607
0.99998594
0.99999893
